INTERPOLATION:DISCRETE
-32768,182,225,251,255,Sea-b6e1fb
#,0,149,213,255,River-0095d5
0,182,225,251,255,Sea-b6e1fb
100,216,234,206,255,0-100-d8eace
200,231,245,225,255,100-200-e7f5e1
300,255,255,236,255,200-300-ffffec
400,252,242,222,255,300-400-fcf2de
500,245,230,208,255,400-500-f5e6d0
600,242,214,193,255,500-600-f2d6c1
700,236,210,180,255,600-700-ecd2b4
800,233,194,167,255,700-800-e9c2a7
900,223,179,154,255,800-900-dfb39a
1000,223,179,154,255,900-1000
1100,201,161,139,255,1000+-c9a18b
32768,182,225,251,255,Sea-b6e1fb

